Client ID: 0
fl_X_train.shape: (189460, 46)
Training data used 1894594fl_y_train.value_counts():
6     29189
4     21903
5     18280
2     16674
3     16500
1     16420
7     14668
13    13448
15    10835
14     8242
0      4446
17     4018
19     3601
18     3011
10     1837
26     1238
9      1162
8      1152
25      721
24      546
21      404
22      342
16      291
23      156
12      117
11       95
33       51
27       27
32       22
31       22
29       15
28       12
20       10
30        5
Name: label, dtype: int64
fl_y_train.unique(): [ 8  2 19 13  5  6 15  1  7  4  0 14  3  9 24 17 26 10 12 18 25 21 22 16
 23 33 32 29 11 20 27 28 31 30]

Client ID: 1
fl_X_train.shape: (189460, 46)
Training data used 1894594fl_y_train.value_counts():
6     29189
4     21904
5     18280
2     16674
3     16500
1     16419
7     14668
13    13448
15    10836
14     8242
0      4446
17     4018
19     3601
18     3011
10     1837
26     1238
9      1162
8      1152
25      720
24      546
21      404
22      342
16      291
23      156
12      117
11       95
33       50
27       27
32       23
31       22
29       15
28       12
20       10
30        5
Name: label, dtype: int64
fl_y_train.unique(): [ 6  4  5  2  0  3 15 18 13  1  7 25 17 19 14 26 24 16  9  8 10 11 22 21
 28 12 20 23 27 33 31 29 32 30]

Client ID: 2
fl_X_train.shape: (189460, 46)
Training data used 1894594fl_y_train.value_counts():
6     29189
4     21904
5     18280
2     16674
3     16500
1     16419
7     14668
13    13448
15    10836
14     8242
0      4446
17     4018
19     3601
18     3011
10     1836
26     1238
9      1162
8      1152
25      720
24      546
21      405
22      342
16      291
23      156
12      117
11       95
33       50
27       27
32       23
31       22
29       15
28       12
20       10
30        5
Name: label, dtype: int64
fl_y_train.unique(): [ 1  6  4  3  7 17 13  2  5 19 25  0 15 14 18 22 10  8  9 16 21 24 26 23
 11 27 33 12 32 29 31 20 28 30]

Client ID: 3
fl_X_train.shape: (189460, 46)
Training data used 1894594fl_y_train.value_counts():
6     29188
4     21904
5     18281
2     16675
3     16500
1     16419
7     14667
13    13448
15    10836
14     8242
0      4445
17     4017
19     3601
18     3012
10     1837
26     1238
9      1161
8      1153
25      720
24      546
21      405
22      342
16      291
23      156
12      117
11       95
33       50
27       27
32       23
31       22
29       15
28       12
20       10
30        5
Name: label, dtype: int64
fl_y_train.unique(): [ 4  2  3 18  6 25  7 14 15  5  0  1 13 10 19 17 26 12  9 24 21  8 22 16
 33 11 27 31 23 20 29 28 32 30]

Client ID: 4
fl_X_train.shape: (189459, 46)
Training data used 1894594fl_y_train.value_counts():
6     29189
4     21903
5     18281
2     16675
3     16500
1     16419
7     14667
13    13448
15    10836
14     8241
0      4445
17     4017
19     3601
18     3012
10     1837
26     1238
9      1162
8      1153
25      720
24      546
21      405
22      342
16      291
23      156
12      117
11       95
33       50
27       27
32       23
31       22
29       15
28       12
20       10
30        4
Name: label, dtype: int64
fl_y_train.unique(): [ 4 19  6 15  7  8  1  3 13  5  0 14  2 18 21 17 10 26 25 24 16 22 12  9
 33 23 11 28 27 29 30 32 31 20]

Client ID: 5
fl_X_train.shape: (189459, 46)
Training data used 1894594fl_y_train.value_counts():
6     29189
4     21903
5     18281
2     16675
3     16500
1     16419
7     14667
13    13448
15    10836
14     8241
0      4445
17     4017
19     3601
18     3012
10     1837
26     1238
9      1162
8      1153
25      720
24      546
21      405
22      342
16      291
23      155
12      118
11       94
33       51
27       27
32       23
31       22
29       15
28       12
20        9
30        5
Name: label, dtype: int64
fl_y_train.unique(): [ 1  4  0  3 17  6  5  2 14  9  8 13 10 21 15  7 18 19 26 25 23 22 11 24
 12 16 32 33 31 30 27 29 20 28]

Client ID: 6
fl_X_train.shape: (189459, 46)
Training data used 1894594fl_y_train.value_counts():
6     29189
4     21903
5     18281
2     16675
3     16500
1     16419
7     14667
13    13448
15    10836
14     8241
0      4445
17     4017
19     3601
18     3012
10     1837
26     1238
9      1162
8      1153
25      720
24      546
21      405
22      342
16      291
23      155
12      118
11       94
33       51
27       27
32       23
31       22
29       15
28       12
20        9
30        5
Name: label, dtype: int64
fl_y_train.unique(): [ 6 13  2  8  4 15 18 14  3  5  1  7  0 19 10 17  9 26 24 25 22 16 21 23
 12 27 11 31 32 29 33 28 30 20]

Client ID: 7
fl_X_train.shape: (189459, 46)
Training data used 1894594fl_y_train.value_counts():
6     29189
4     21903
5     18281
2     16674
3     16500
1     16419
7     14667
13    13448
15    10836
14     8241
0      4445
17     4017
19     3602
18     3012
10     1837
26     1238
9      1162
8      1153
25      720
24      545
21      405
22      343
16      291
23      155
12      118
11       94
33       51
27       27
32       23
31       22
29       15
28       12
20        9
30        5
Name: label, dtype: int64
fl_y_train.unique(): [17  5  7  1 26  4 18  6  2  0 15 10  3 14 13  9  8 19 25 22 24 12 33 11
 21 16 23 32 31 27 20 28 29 30]

Client ID: 8
fl_X_train.shape: (189459, 46)
Training data used 1894594fl_y_train.value_counts():
6     29189
4     21903
5     18281
2     16674
3     16500
1     16419
7     14667
13    13447
15    10835
14     8242
0      4445
17     4017
19     3602
18     3012
10     1837
26     1238
9      1162
8      1153
25      721
24      545
21      405
22      343
16      291
23      155
12      117
11       95
33       51
27       28
31       22
32       22
29       15
28       12
20        9
30        5
Name: label, dtype: int64
fl_y_train.unique(): [ 6  3  1 13 15  5  2  4 14  7 24 10 17 22  0  9 19 25 18 26 21  8 16 12
 31 11 27 33 23 28 29 32 20 30]

Client ID: 9
fl_X_train.shape: (189459, 46)
Training data used 1894594fl_y_train.value_counts():
6     29189
4     21903
5     18281
2     16674
3     16500
1     16419
7     14667
13    13447
15    10835
14     8242
0      4445
17     4017
19     3601
18     3012
10     1837
26     1239
9      1162
8      1153
25      721
24      545
21      405
22      343
16      290
23      156
12      117
11       95
33       51
27       27
32       22
31       22
29       15
28       13
20        9
30        5
Name: label, dtype: int64
fl_y_train.unique(): [ 2  4  6  5  7  3 13  1 14 15  0 19 18  9  8 17 25 10 24 26 16 33 21 12
 22 11 23 27 32 31 28 29 20 30]

