Client ID: 0
fl_X_train.shape: (45433, 46)
Training data used 454330fl_y_train.value_counts():
6     7007
4     5270
5     4377
2     3983
3     3948
1     3936
7     3503
13    3230
15    2600
14    1974
0     1068
17     965
19     867
18     732
10     440
26     300
9      279
8      278
25     174
24     130
21      96
22      79
16      71
23      37
12      28
11      22
33      13
27       6
32       6
31       5
28       3
29       3
20       2
30       1
Name: label, dtype: int64
fl_y_train.unique(): [ 7  3  6  0  2  5 10 15  1  4 19 13 14 17  8 16 18 21 25 24  9 22 23 26
 11 12 28 31 33 27 20 32 29 30]

Client ID: 1
fl_X_train.shape: (45433, 46)
Training data used 454330fl_y_train.value_counts():
6     7007
4     5269
5     4377
2     3983
3     3948
1     3936
7     3504
13    3230
15    2600
14    1973
0     1068
17     965
19     867
18     732
10     440
26     300
9      280
8      278
25     174
24     131
21      96
22      79
16      70
23      37
12      28
11      22
33      12
31       6
32       6
27       6
28       3
29       3
20       2
30       1
Name: label, dtype: int64
fl_y_train.unique(): [ 6 13  2  4  1 14 19  7 10  5  3 15  9  0 18 23 25 17 26 22  8 33 24 21
 31 16 11 12 20 32 27 28 29 30]

Client ID: 2
fl_X_train.shape: (45433, 46)
Training data used 454330fl_y_train.value_counts():
6     7007
4     5269
5     4377
2     3984
3     3948
1     3936
7     3504
13    3230
15    2600
14    1973
0     1069
17     965
19     867
18     731
10     440
26     299
9      280
8      278
25     174
24     131
21      95
22      80
16      70
23      37
12      28
11      22
33      12
32       6
27       6
31       5
29       4
28       3
20       2
30       1
Name: label, dtype: int64
fl_y_train.unique(): [18  6  4 13  7 14  5 26  3  1 22  2  0 15 17 19 23  9 21  8 12 10 24 32
 16 25 31 11 33 27 20 28 29 30]

Client ID: 3
fl_X_train.shape: (45433, 46)
Training data used 454330fl_y_train.value_counts():
6     7007
4     5270
5     4377
2     3984
3     3948
1     3936
7     3503
13    3230
15    2600
14    1973
0     1069
17     965
19     867
18     732
10     440
26     299
9      280
8      278
25     173
24     131
21      95
22      80
16      70
23      36
12      28
11      23
33      12
27       6
32       5
31       5
29       4
28       3
30       2
20       2
Name: label, dtype: int64
fl_y_train.unique(): [ 2  4 14  7 13  6  5  0 21 26 17  1  3 15 19  9 18 24 11 10 30  8 22 23
 32 25 16 27 12 31 28 33 29 20]

Client ID: 4
fl_X_train.shape: (45433, 46)
Training data used 454330fl_y_train.value_counts():
6     7007
4     5270
5     4377
2     3984
3     3948
1     3937
7     3503
13    3230
15    2599
14    1974
0     1069
17     964
19     866
18     732
10     440
26     299
9      280
8      278
25     174
24     131
21      95
22      80
16      70
23      36
12      28
11      23
33      12
27       6
31       5
32       5
29       4
28       3
20       2
30       2
Name: label, dtype: int64
fl_y_train.unique(): [25  3  5 15  4 13  6  0 14  7  1  2 16 10 18 19 17  8 21 26  9 33 24 22
 12 23 20 11 27 29 31 32 28 30]

Client ID: 5
fl_X_train.shape: (45433, 46)
Training data used 454330fl_y_train.value_counts():
6     7007
4     5270
5     4377
2     3984
3     3948
1     3937
7     3503
13    3230
15    2599
14    1974
0     1069
17     964
19     866
18     732
10     439
26     299
9      280
8      278
25     174
24     131
21      96
22      80
16      70
23      36
12      28
11      23
33      13
27       6
32       5
31       5
29       4
28       3
20       2
30       1
Name: label, dtype: int64
fl_y_train.unique(): [ 3  6  5  4 13 14  7 15  2  1 17 18  0 19  9 21 10 26  8 22 23 33 16 24
 25 31 12 11 29 32 27 28 20 30]

Client ID: 6
fl_X_train.shape: (45433, 46)
Training data used 454330fl_y_train.value_counts():
6     7007
4     5270
5     4377
2     3984
3     3948
1     3937
7     3503
13    3230
15    2599
14    1974
0     1069
17     964
19     866
18     732
10     439
26     299
9      280
8      278
25     174
24     131
21      96
22      80
16      70
23      36
12      28
11      23
33      13
27       6
32       5
31       5
29       4
28       3
20       2
30       1
Name: label, dtype: int64
fl_y_train.unique(): [ 5  3  4  6  2 17  9 14  1  8  7 15 13 18 19 10 12  0 21 24 26 33 23 16
 25 22 32 11 29 28 27 31 20 30]

Client ID: 7
fl_X_train.shape: (45433, 46)
Training data used 454330fl_y_train.value_counts():
6     7007
4     5270
5     4377
2     3983
3     3948
1     3937
7     3503
13    3230
15    2599
14    1974
0     1069
17     965
19     866
18     732
10     439
26     300
9      280
8      278
25     174
24     131
21      96
22      80
16      70
23      36
12      27
11      23
33      13
31       5
32       5
27       5
28       4
29       4
20       2
30       1
Name: label, dtype: int64
fl_y_train.unique(): [ 3  6  7 19  2  5  1  4 17 15 13  0 14  8 18 22 25 32 10 26 24  9 33 16
 21 11 27 12 31 23 28 29 20 30]

Client ID: 8
fl_X_train.shape: (45433, 46)
Training data used 454330fl_y_train.value_counts():
6     7008
4     5270
5     4376
2     3983
3     3948
1     3936
7     3503
13    3230
15    2599
14    1974
0     1068
17     965
19     866
18     732
10     440
26     300
9      280
8      278
25     174
24     131
21      96
22      80
16      70
23      36
12      28
11      23
33      13
31       5
27       5
32       5
29       4
28       3
20       3
30       1
Name: label, dtype: int64
fl_y_train.unique(): [15  7 13  6  2 14  3  4  5  1  0 16 26 18 17  9 19 24  8 25 10 12 22 31
 23 21 11 33 29 28 20 27 30 32]

Client ID: 9
fl_X_train.shape: (45433, 46)
Training data used 454330fl_y_train.value_counts():
6     7008
4     5270
5     4376
2     3983
3     3948
1     3936
7     3503
13    3230
15    2599
14    1974
0     1068
17     965
19     867
18     732
10     440
26     300
9      279
8      278
25     174
24     130
21      96
22      80
16      70
23      37
12      28
11      23
33      13
27       6
31       5
32       5
28       3
20       3
29       3
30       1
Name: label, dtype: int64
fl_y_train.unique(): [ 4  5  6 17  7  1 12  2 15  3  0 18 25 13 26 24 14 19  8 10 21  9 23 16
 22 11 27 33 31 28 32 20 29 30]

