Client ID: 0
fl_X_train.shape: (12575, 46)
Training data used 440887fl_y_train.value_counts():
6     2123
4     1597
5     1327
2     1207
3     1196
7     1061
13     979
15     788
14     599
0      324
17     292
19     263
18     222
10     133
26      91
8       84
9       84
25      53
24      39
21      29
22      24
16      22
23      11
12       8
11       7
33       4
31       2
32       2
28       1
20       1
29       1
27       1
Name: label, dtype: int64
fl_y_train.unique(): [ 0  6  3  4  5 13 17  7 19 14 10  2 18 25 15 21 24  9  8 22 16 11 26 12
 28 33 23 31 20 32 29 27]

Client ID: 1
fl_X_train.shape: (12561, 46)
Training data used 440887fl_y_train.value_counts():
6     2123
4     1597
5     1327
3     1196
1     1193
7     1061
13     979
15     788
14     599
0      324
17     292
19     263
18     222
10     133
26      91
9       84
8       84
25      53
24      39
21      29
22      24
16      22
23      11
12       8
11       7
33       4
31       2
32       2
20       1
28       1
27       1
29       1
Name: label, dtype: int64
fl_y_train.unique(): [ 3  6  5  4  7 13 17 15 14  1  0  8 19 10 18 24  9 25 22 26 16 23 21 31
 12 33 11 20 32 28 27 29]

Client ID: 2
fl_X_train.shape: (12572, 46)
Training data used 440887fl_y_train.value_counts():
6     2123
4     1597
5     1327
2     1207
1     1193
7     1061
13     979
15     788
14     598
0      324
17     292
19     263
18     222
10     133
26      91
9       85
8       84
25      53
24      39
21      29
22      24
16      22
23      11
12       8
11       7
33       4
31       2
32       2
20       1
28       1
27       1
29       1
Name: label, dtype: int64
fl_y_train.unique(): [ 7  6 15  1 19  5  4  2 14 10  8  0 21 18 13 17  9 24 25 23 16 11 22 26
 31 12 20 28 33 27 32 29]

Client ID: 3
fl_X_train.shape: (12171, 46)
Training data used 440887fl_y_train.value_counts():
6     2123
5     1327
2     1207
3     1197
1     1193
7     1061
13     979
15     788
14     598
0      324
17     292
19     263
18     222
10     133
26      91
9       85
8       84
25      52
24      39
21      29
22      24
16      22
23      11
12       8
11       7
33       4
32       2
29       2
31       1
20       1
27       1
28       1
Name: label, dtype: int64
fl_y_train.unique(): [ 6 10  7  2  1  5 15 14 13  0 18  3 25 16 19 21 17  9  8 26 24 23 11 12
 22 31 32 33 20 29 27 28]

Client ID: 4
fl_X_train.shape: (12441, 46)
Training data used 440887fl_y_train.value_counts():
6     2123
4     1597
2     1207
3     1197
1     1193
7     1061
13     979
15     788
14     598
0      324
17     292
19     263
18     222
10     133
26      91
9       85
8       84
25      52
24      39
21      29
22      24
16      22
23      11
12       8
11       7
33       4
32       2
29       2
20       1
28       1
31       1
27       1
Name: label, dtype: int64
fl_y_train.unique(): [13  1 19  6  2  4 10  3  9 14  7 15  0 17 26 18 25 21  8 16 22 24 23 11
 12 32 20 33 28 29 31 27]

Client ID: 5
fl_X_train.shape: (11645, 46)
Training data used 440887fl_y_train.value_counts():
4     1597
5     1327
2     1207
3     1197
1     1193
7     1062
13     978
15     788
14     598
0      324
17     292
19     263
18     222
10     133
26      91
9       85
8       84
25      52
24      39
21      29
22      24
16      22
23      11
12       8
11       7
33       4
32       2
29       2
31       1
27       1
28       1
20       1
Name: label, dtype: int64
fl_y_train.unique(): [ 2  1 14  4 13  5  3  7  0 23 25 15 19 26 10 22 18 33  9  8 17 24 16 11
 21 12 31 32 27 29 28 20]

Client ID: 6
fl_X_train.shape: (12706, 46)
Training data used 440887fl_y_train.value_counts():
6     2123
4     1597
5     1327
2     1207
3     1197
1     1193
13     978
15     788
14     598
0      324
17     292
19     263
18     222
10     133
26      91
9       85
8       84
25      52
24      39
21      29
22      24
16      22
23      11
12       8
11       7
33       4
29       2
32       2
28       1
27       1
31       1
20       1
Name: label, dtype: int64
fl_y_train.unique(): [ 2  4  6 22 18  1  3 15 14 13  5 17 10  9 19  0 32 25  8 11 21 16 24 26
 33 23 12 28 29 27 31 20]

Client ID: 7
fl_X_train.shape: (13684, 46)
Training data used 440887fl_y_train.value_counts():
6     2123
4     1597
5     1327
2     1207
3     1197
1     1193
7     1062
13     978
15     788
14     598
0      324
17     292
19     263
18     222
10     133
26      91
9       85
25      52
24      40
21      29
22      24
16      21
23      11
12       8
11       7
33       4
32       2
27       2
28       1
31       1
29       1
20       1
Name: label, dtype: int64
fl_y_train.unique(): [ 4 13  3  5  6  7  1  2 14 17 15  0 19 21  9 12 10 23 24 22 18 26 25 31
 16 32 33 11 27 29 28 20]

Client ID: 8
fl_X_train.shape: (13683, 46)
Training data used 440887fl_y_train.value_counts():
6     2123
4     1597
5     1327
2     1207
3     1197
1     1193
7     1062
13     978
15     788
14     598
0      324
17     292
19     263
18     222
10     133
26      91
8       84
25      52
24      40
21      29
22      24
16      21
23      11
12       8
11       7
33       4
32       2
27       2
20       1
28       1
31       1
29       1
Name: label, dtype: int64
fl_y_train.unique(): [ 6 13  5 26  3  1  2  0  4  7 19 14 15 23 18 17 10 16  8 21 33 24 22 25
 20 32 12 11 28 31 29 27]

Client ID: 9
fl_X_train.shape: (13635, 46)
Training data used 440887fl_y_train.value_counts():
6     2123
4     1597
5     1327
2     1207
3     1197
1     1192
7     1062
13     978
15     788
14     598
0      324
17     292
19     263
18     222
26      91
9       85
8       84
25      52
24      40
21      29
22      24
16      21
23      11
12       9
11       7
33       4
27       2
32       2
31       1
28       1
29       1
20       1
Name: label, dtype: int64
fl_y_train.unique(): [18  6 14 13  4  1  3  2  0 15 19 11  5  7  9 17  8 24 26 22 16 25 27 21
 12 32 31 23 28 33 29 20]

Client ID: 10
fl_X_train.shape: (13761, 46)
Training data used 440887fl_y_train.value_counts():
6     2124
4     1597
5     1326
2     1207
3     1197
1     1192
7     1062
13     978
15     788
14     598
0      323
17     292
19     263
18     222
10     133
26      91
8       85
9       85
25      52
24      40
21      29
22      24
16      21
23      11
12       9
33       4
32       2
27       2
31       1
28       1
20       1
29       1
Name: label, dtype: int64
fl_y_train.unique(): [ 4  7 13  2  6  1  5 15 19  0 14  3  9 26  8 18 10 17 32 25 31 24 22 21
 16 12 23 33 28 20 27 29]

Client ID: 11
fl_X_train.shape: (13759, 46)
Training data used 440887fl_y_train.value_counts():
6     2124
4     1597
5     1326
2     1207
3     1197
1     1192
7     1062
13     978
15     788
14     598
0      323
17     292
19     263
18     222
10     133
26      91
8       85
9       85
25      52
24      40
21      29
22      24
16      21
23      11
11       7
33       4
32       2
27       2
31       1
28       1
20       1
29       1
Name: label, dtype: int64
fl_y_train.unique(): [ 7 14  6 21 26 17  5  1  2  4  3  0 13 19 24  9 15 10 18  8 25 11 22 23
 31 16 28 33 32 27 20 29]

Client ID: 12
fl_X_train.shape: (12789, 46)
Training data used 440887fl_y_train.value_counts():
6     2124
4     1596
5     1326
2     1207
3     1197
1     1192
7     1062
15     788
14     598
0      323
17     292
19     263
18     222
10     133
26      91
9       85
8       85
25      52
24      40
21      29
22      24
16      21
23      11
12       9
11       7
33       4
27       2
29       1
32       1
28       1
20       1
30       1
31       1
Name: label, dtype: int64
fl_y_train.unique(): [ 2 14  4  1  0  5  3  6 19 18 17 15  7  9  8 10 22 23 26 25 21 24 16 27
 12 11 33 29 32 28 20 30 31]

Client ID: 13
fl_X_train.shape: (13170, 46)
Training data used 440887fl_y_train.value_counts():
6     2124
4     1596
5     1326
2     1207
3     1197
1     1192
7     1062
13     979
15     787
0      323
17     292
19     263
18     222
10     133
26      91
8       85
9       85
25      53
24      40
21      29
22      24
16      21
23      11
12       9
11       7
33       4
27       2
29       1
31       1
30       1
32       1
20       1
28       1
Name: label, dtype: int64
fl_y_train.unique(): [ 5  0  6  7 10  4 18  1 13  2 19 17  3  8 15 21 24 22 16 26  9 23 25 12
 27 11 33 29 31 30 32 20 28]

Client ID: 14
fl_X_train.shape: (12981, 46)
Training data used 440887fl_y_train.value_counts():
6     2124
4     1596
5     1326
2     1207
3     1197
1     1193
7     1062
13     979
14     598
0      323
17     292
19     262
18     222
10     133
26      91
9       85
8       85
25      53
24      40
21      29
22      24
16      21
23      11
12       9
11       7
33       4
27       2
32       1
30       1
20       1
29       1
31       1
28       1
Name: label, dtype: int64
fl_y_train.unique(): [ 5  4 13 14  6  3  1  0 10  7  2 17 18 26  9  8 19 24 12 25 22 23 21 16
 11 27 32 33 30 20 29 31 28]

Client ID: 15
fl_X_train.shape: (13747, 46)
Training data used 440887fl_y_train.value_counts():
6     2124
4     1597
5     1326
2     1207
3     1196
1     1193
7     1062
13     979
15     787
14     598
0      323
17     292
19     262
18     222
10     133
26      91
9       85
8       85
25      53
24      40
21      29
22      24
23      11
12       9
11       7
33       4
27       2
28       1
20       1
30       1
29       1
31       1
32       1
Name: label, dtype: int64
fl_y_train.unique(): [25 15  6  0 14  4  2  3  5 13  1 19  7 17 18 21 30 33  8 10 26  9 22 12
 24 31 23 11 29 28 27 20 32]

Client ID: 16
fl_X_train.shape: (13476, 46)
Training data used 440887fl_y_train.value_counts():
6     2124
4     1597
5     1326
2     1207
3     1196
1     1193
7     1062
13     979
15     787
14     598
0      324
19     262
18     222
10     133
26      90
9       85
8       85
25      53
24      40
21      29
22      24
16      21
23      11
12       9
11       7
33       4
27       2
29       1
20       1
30       1
31       1
32       1
28       1
Name: label, dtype: int64
fl_y_train.unique(): [ 3  5  6  1 15 13  7  4  2 18 14 19  8  9  0 25 10 26 22 12 11 24 29 23
 33 16 21 27 20 30 31 32 28]

Client ID: 17
fl_X_train.shape: (13547, 46)
Training data used 440887fl_y_train.value_counts():
6     2124
4     1597
5     1326
2     1208
3     1196
1     1193
7     1062
13     979
15     787
14     598
0      324
17     292
19     262
10     133
26      90
8       85
9       85
25      53
24      40
21      29
22      24
16      21
23      11
12       9
11       7
33       4
27       2
32       1
29       1
20       1
28       1
30       1
31       1
Name: label, dtype: int64
fl_y_train.unique(): [ 5  3  4 14 15  6  1 17  2  7 13 21 10  0  8 19 22  9 26 24 25 11 16 32
 12 29 23 33 20 28 27 30 31]

Client ID: 18
fl_X_train.shape: (13506, 46)
Training data used 440887fl_y_train.value_counts():
6     2124
4     1597
5     1326
2     1208
3     1196
1     1193
7     1062
13     979
15     787
14     598
0      324
17     292
18     221
10     134
26      90
9       85
8       84
25      53
24      40
21      29
22      24
16      21
23      11
12       9
11       7
33       3
31       2
27       2
28       1
29       1
20       1
30       1
32       1
Name: label, dtype: int64
fl_y_train.unique(): [ 6  7  2  1 14  5 18  4 15  3 17  0 13  9 10  8 24 25 26 21 12 23 16 33
 22 31 11 27 28 29 20 30 32]

Client ID: 19
fl_X_train.shape: (13767, 46)
Training data used 440887fl_y_train.value_counts():
6     2124
4     1597
5     1326
2     1208
3     1196
1     1193
7     1062
13     979
15     787
14     598
0      324
17     292
19     262
18     221
10     134
26      90
9       85
8       84
25      53
24      40
21      29
22      24
16      21
23      11
12       9
11       7
33       3
31       2
27       2
32       1
28       1
30       1
29       1
Name: label, dtype: int64
fl_y_train.unique(): [ 3  4 13  6  5  1 14  2  7  9 12 15  0 19 18 26 17  8 23 16 10 21 24 25
 11 32 22 31 33 28 27 30 29]

Client ID: 20
fl_X_train.shape: (13738, 46)
Training data used 440887fl_y_train.value_counts():
6     2124
4     1597
5     1326
2     1208
3     1196
1     1193
7     1062
13     979
15     787
14     598
0      324
17     292
19     262
18     221
10     134
26      90
9       85
8       84
25      53
24      40
22      24
16      21
23      11
12       9
11       7
33       3
27       2
31       2
29       1
32       1
28       1
30       1
Name: label, dtype: int64
fl_y_train.unique(): [ 3  4  5 13 18  2 17  1  7  8  6 14  0 19 15 26 24 10 22 25  9 12 23 16
 29 33 11 27 31 32 28 30]

Client ID: 21
fl_X_train.shape: (13743, 46)
Training data used 440887fl_y_train.value_counts():
6     2124
4     1597
5     1326
2     1207
3     1196
1     1193
7     1062
13     979
15     787
14     598
0      324
17     293
19     262
18     221
10     134
26      90
9       85
8       84
25      53
24      40
21      29
16      21
23      11
12       9
11       7
33       3
31       2
27       2
28       1
32       1
30       1
29       1
Name: label, dtype: int64
fl_y_train.unique(): [ 5  4  8  6 15 19 13  7  3 10  2  1 17 14  0  9 25 18 24 26 31 21 16 11
 12 23 27 28 32 33 30 29]

Client ID: 22
fl_X_train.shape: (13756, 46)
Training data used 440887fl_y_train.value_counts():
6     2124
4     1597
5     1326
2     1207
3     1196
1     1193
7     1062
13     979
15     787
14     598
0      324
17     293
19     262
18     221
10     134
26      90
9       85
8       84
25      53
24      40
21      29
22      24
16      21
12       9
11       7
33       3
31       2
27       2
32       1
28       1
29       1
30       1
Name: label, dtype: int64
fl_y_train.unique(): [ 6  2 17 14  1  7  3  5 15 13  4  0 10 19 24 26 21 33  8 18  9 22 25 32
 11 16 28 12 31 29 30 27]

Client ID: 23
fl_X_train.shape: (13727, 46)
Training data used 440887fl_y_train.value_counts():
6     2123
4     1597
5     1326
2     1207
3     1196
1     1193
7     1062
13     979
15     788
14     598
0      324
17     293
19     262
18     221
10     134
26      90
9       85
8       84
25      53
21      29
22      24
16      21
23      11
12       9
11       7
33       3
27       2
31       2
28       1
32       1
30       1
29       1
Name: label, dtype: int64
fl_y_train.unique(): [ 9 19  5  3  6  1  2  0  8 17  7 15  4 13 22 14 10 18 25 26 11 21 16 12
 33 23 28 27 32 30 29 31]

Client ID: 24
fl_X_train.shape: (13714, 46)
Training data used 440887fl_y_train.value_counts():
6     2123
4     1597
5     1326
2     1207
3     1196
1     1193
7     1061
13     979
15     788
14     598
0      324
17     293
19     262
18     222
10     134
26      91
9       85
8       84
24      40
21      29
22      24
16      21
23      11
12       8
11       7
33       4
27       2
31       2
32       1
28       1
29       1
Name: label, dtype: int64
fl_y_train.unique(): [ 6  2  1 17  7  4 15 13  5 19 14 18  3  0 26 10  8  9 33 21 24 22 27 11
 32 16 23 12 28 31 29]

Client ID: 25
fl_X_train.shape: (13676, 46)
Training data used 440887fl_y_train.value_counts():
6     2123
4     1597
5     1326
2     1207
3     1196
1     1193
7     1061
13     979
15     788
14     598
0      324
17     293
19     262
18     222
10     134
9       85
8       84
25      53
24      40
21      29
22      24
16      21
23      11
12       8
11       6
33       4
32       2
27       2
31       2
29       1
28       1
Name: label, dtype: int64
fl_y_train.unique(): [ 3  7  6 19  4 15  5  0 14 13  2 18 17  1  8 25 32  9 24 16 10 21 11 23
 22 27 33 12 31 29 28]

Client ID: 26
fl_X_train.shape: (13765, 46)
Training data used 440887fl_y_train.value_counts():
6     2123
4     1597
5     1326
2     1207
3     1196
1     1193
7     1061
13     979
15     788
14     598
0      324
17     293
19     262
18     222
10     133
26      91
9       85
8       84
25      53
24      40
21      29
22      25
16      21
23      11
12       8
11       6
33       4
31       2
32       2
28       1
29       1
Name: label, dtype: int64
fl_y_train.unique(): [ 7  3  4  6 13  1 15  2 19  5 17 14 24 18 16 10 26  8  0 25 22 21  9 12
 33 31 23 11 28 29 32]

Client ID: 27
fl_X_train.shape: (13766, 46)
Training data used 440887fl_y_train.value_counts():
6     2123
4     1597
5     1326
2     1207
3     1196
1     1193
7     1061
13     979
15     788
14     598
0      324
17     293
19     262
18     222
10     133
26      91
9       85
8       84
25      53
24      40
21      29
22      25
16      21
23      11
12       8
11       6
33       4
31       2
27       2
32       2
29       1
Name: label, dtype: int64
fl_y_train.unique(): [ 6  7  4  3  0 15  1  2 16 13 26 18  9 17 19  5  8 14 24 12 10 22 23 25
 31 21 33 11 27 32 29]

Client ID: 28
fl_X_train.shape: (13766, 46)
Training data used 440887fl_y_train.value_counts():
6     2123
4     1597
5     1326
2     1207
3     1196
1     1193
7     1061
13     979
15     788
14     598
0      324
17     293
19     263
18     222
10     133
26      91
9       84
8       84
25      53
24      39
21      29
22      25
16      21
23      12
12       8
11       6
33       4
31       2
27       2
32       2
28       1
Name: label, dtype: int64
fl_y_train.unique(): [15  2  7 14  6  4  3  1 17  5  9 13 16 25 19 10  0 18  8 24 26 31 11 22
 21 12 23 33 27 32 28]

Client ID: 29
fl_X_train.shape: (13767, 46)
Training data used 440887fl_y_train.value_counts():
6     2123
4     1597
5     1326
2     1207
3     1196
1     1193
7     1061
13     979
15     788
14     598
0      324
17     293
19     263
18     222
10     133
26      91
9       84
8       84
25      53
24      39
21      29
22      25
16      21
23      11
12       8
11       7
33       4
27       2
31       2
32       2
29       1
28       1
Name: label, dtype: int64
fl_y_train.unique(): [ 7 13  6  3 15  5  1  4  0 24  9  2 18 17 19 14 12 25  8 10 16 26 23 21
 22 33 29 11 27 31 32 28]

Client ID: 30
fl_X_train.shape: (13765, 46)
Training data used 440887fl_y_train.value_counts():
6     2123
4     1597
5     1326
2     1207
3     1196
1     1193
7     1061
13     979
15     788
14     598
0      324
17     293
19     263
18     222
10     133
26      91
8       84
9       84
25      53
24      39
21      29
22      25
16      21
23      11
12       8
11       7
33       4
27       2
32       2
20       1
29       1
Name: label, dtype: int64
fl_y_train.unique(): [ 5 17  7 15  6  2 25 13  1  4  3  0 19  8 18 26 24 14  9 10 16 21 27 22
 12 32 33 23 11 20 29]

Client ID: 31
fl_X_train.shape: (13765, 46)
Training data used 440887fl_y_train.value_counts():
6     2123
4     1597
5     1326
2     1207
3     1196
1     1193
7     1061
13     979
15     788
14     598
0      324
17     293
19     263
18     222
10     133
26      91
8       84
9       84
25      53
24      39
21      29
22      25
16      21
23      11
12       8
11       7
33       4
31       2
27       2
20       1
29       1
Name: label, dtype: int64
fl_y_train.unique(): [ 4  7  1  3  0 18  6  2 15  5 24 13 14 19 10 26  8 17 12 25 23  9 22 11
 16 21 31 33 27 20 29]

Client ID: 32
fl_X_train.shape: (13763, 46)
Training data used 440887fl_y_train.value_counts():
6     2123
4     1597
5     1326
2     1207
3     1196
1     1193
7     1061
13     979
15     788
14     599
0      324
17     292
19     263
18     222
10     133
26      91
8       84
9       84
25      53
24      39
21      29
22      24
16      22
23      11
12       8
11       7
31       2
32       2
28       1
20       1
27       1
29       1
Name: label, dtype: int64
fl_y_train.unique(): [ 6  5 12  1  2  4  3  7 26 13 14 15 18  0 10 17 21 19  9 24 16 25 22  8
 11 28 23 31 20 27 32 29]

