Client ID: 0
fl_X_train.shape: (39445, 46)
Training data used 1383113fl_y_train.value_counts():
6     6644
4     4978
5     4172
2     3800
3     3756
7     3349
13    3075
15    2474
14    1877
0     1015
17     918
19     818
18     690
10     421
26     280
9      267
8      263
25     163
24     125
21      92
22      78
16      67
23      36
12      26
11      22
33      12
27       7
32       6
31       5
29       3
28       3
20       2
30       1
Name: label, dtype: int64
fl_y_train.unique(): [ 2  8  7 15  5 18  4  6  0 13  3 19 25 17 14  9 26 10 22 12 29 16 11 24
 23 21 27 33 32 31 20 28 30]

Client ID: 1
fl_X_train.shape: (39391, 46)
Training data used 1383113fl_y_train.value_counts():
6     6644
4     4978
5     4172
3     3756
1     3746
7     3349
13    3075
15    2474
14    1877
0     1015
17     918
19     818
18     690
10     421
26     280
9      267
8      263
25     163
24     125
21      92
22      78
16      66
23      36
12      26
11      23
33      12
27       7
32       6
31       5
29       3
28       3
20       2
30       1
Name: label, dtype: int64
fl_y_train.unique(): [ 7  5  4  1 10 13  0 15  6 14  3 18 19  8 16 17 26 27 21 23 25  9 11 24
 12 22 32 33 20 31 29 28 30]

Client ID: 2
fl_X_train.shape: (39435, 46)
Training data used 1383113fl_y_train.value_counts():
6     6644
4     4978
5     4172
2     3800
1     3746
7     3349
13    3075
15    2474
14    1877
0     1015
17     917
19     818
18     691
10     421
26     280
9      267
8      263
25     163
24     125
21      93
22      78
16      66
23      36
12      26
11      22
33      12
27       7
32       6
31       5
29       3
28       3
20       2
30       1
Name: label, dtype: int64
fl_y_train.unique(): [ 5  7  6  1 13 19 15  2  4  0 18 23 17 14 10 26 22 25 24 21  9  8 11 16
 33 12 29 27 32 20 31 28 30]

Client ID: 3
fl_X_train.shape: (38213, 46)
Training data used 1383113fl_y_train.value_counts():
6     6644
5     4172
2     3800
3     3756
1     3746
7     3349
13    3075
15    2474
14    1877
0     1015
17     917
19     818
18     691
10     421
26     280
9      267
8      263
25     163
24     125
21      93
22      78
16      66
23      35
12      27
11      22
33      12
27       7
32       6
31       5
28       3
29       3
20       2
30       1
Name: label, dtype: int64
fl_y_train.unique(): [14  6  2  1  9  5 19 13  3  7 15 17 22  0 26 18 16 25 10  8 24 27 21 11
 23 32 28 12 33 20 29 31 30]

Client ID: 4
fl_X_train.shape: (39019, 46)
Training data used 1383113fl_y_train.value_counts():
6     6644
4     4978
2     3800
3     3756
1     3746
7     3349
13    3075
15    2474
14    1877
0     1015
17     917
19     818
18     691
10     421
26     280
9      267
8      263
25     163
24     125
21      93
22      78
16      66
23      35
12      27
11      22
33      12
27       7
32       6
31       5
28       3
29       3
20       2
30       1
Name: label, dtype: int64
fl_y_train.unique(): [10 13 15  1  4  6  7  2  3  0 18 21 17  8 14 23 22  9 24 19 26 11 32 28
 25 16 12 29 33 27 20 30 31]

Client ID: 5
fl_X_train.shape: (36547, 46)
Training data used 1383113fl_y_train.value_counts():
4     4978
5     4172
2     3800
3     3756
1     3746
7     3349
13    3075
15    2474
14    1877
0     1015
17     917
19     818
18     691
10     421
26     281
9      267
8      262
25     163
24     125
21      93
22      78
16      66
23      35
12      27
11      22
33      12
27       7
32       6
31       5
28       3
29       3
20       2
30       1
Name: label, dtype: int64
fl_y_train.unique(): [15 14  3  1 17  2 13  4 10  7  8 11  0 18 19  5 21 16 26  9 25 24 28 23
 22 33 12 32 27 20 29 30 31]

Client ID: 6
fl_X_train.shape: (39842, 46)
Training data used 1383113fl_y_train.value_counts():
6     6644
4     4977
5     4172
2     3801
3     3756
1     3746
13    3075
15    2474
14    1877
0     1015
17     917
19     818
18     691
10     421
26     281
9      267
8      262
25     163
24     125
21      93
22      78
16      66
23      35
12      27
11      22
33      12
27       7
32       6
31       5
28       3
29       3
20       2
30       1
Name: label, dtype: int64
fl_y_train.unique(): [ 2  4  1  6 13  5 18 15 14 17  3 19  9 10 24 23 26  0 22 21  8 25 12 16
 11 28 31 33 27 32 20 29 30]

Client ID: 7
fl_X_train.shape: (42928, 46)
Training data used 1383113fl_y_train.value_counts():
6     6644
4     4977
5     4172
2     3801
3     3756
1     3746
7     3349
13    3075
15    2473
14    1877
0     1015
17     917
19     819
18     691
10     421
26     281
9      266
25     163
24     125
21      93
22      78
16      66
23      35
12      27
11      22
33      12
27       6
32       6
31       5
29       4
20       3
28       2
30       1
Name: label, dtype: int64
fl_y_train.unique(): [10  9  4  6 18  1  2 13  5 14  7 16  3 15 26 17  0 19 25 22 23 21 24 12
 32 11 33 27 29 31 28 20 30]

Client ID: 8
fl_X_train.shape: (42925, 46)
Training data used 1383113fl_y_train.value_counts():
6     6644
4     4977
5     4172
2     3801
3     3756
1     3746
7     3349
13    3075
15    2473
14    1877
0     1014
17     918
19     819
18     691
10     421
26     281
8      263
25     163
24     125
21      93
22      78
16      66
23      35
12      27
11      22
33      12
32       6
27       6
31       5
29       4
20       3
28       2
30       1
Name: label, dtype: int64
fl_y_train.unique(): [ 5 19  1  6  3 13 15  7 17  4 14  2  0 21 26 22 25 24 18  8 16 10 11 33
 23 30 12 20 32 27 31 28 29]

Client ID: 9
fl_X_train.shape: (42771, 46)
Training data used 1383113fl_y_train.value_counts():
6     6645
4     4977
5     4172
2     3801
3     3756
1     3746
7     3349
13    3075
15    2473
14    1877
0     1014
17     918
19     819
18     691
26     281
9      267
8      263
25     163
24     124
21      93
22      78
16      66
23      35
12      27
11      22
33      12
27       6
31       5
32       5
29       4
20       3
30       2
28       2
Name: label, dtype: int64
fl_y_train.unique(): [ 9  5  4  0  6  7 14  1  8 15 13  2 19 17  3 26 23 18 21 16 25 24 22 11
 12 33 27 31 30 28 20 29 32]

Client ID: 10
fl_X_train.shape: (43169, 46)
Training data used 1383113fl_y_train.value_counts():
6     6645
4     4977
5     4172
2     3801
3     3756
1     3746
7     3349
13    3075
15    2473
14    1877
0     1014
17     918
19     819
18     691
10     420
26     281
9      267
8      263
25     163
24     124
21      93
22      78
16      66
23      35
12      27
33      12
27       6
32       5
31       5
29       4
20       3
30       2
28       2
Name: label, dtype: int64
fl_y_train.unique(): [ 7 24  2  0 14  6  1  5  3 19 13 15  4 10 18  9 17 21 26  8 25 12 23 16
 33 22 27 32 29 31 20 30 28]

Client ID: 11
fl_X_train.shape: (43164, 46)
Training data used 1383113fl_y_train.value_counts():
6     6645
4     4977
5     4172
2     3801
3     3756
1     3746
7     3349
13    3075
15    2473
14    1877
0     1014
17     918
19     819
18     691
10     420
26     281
9      267
8      263
25     163
24     124
21      93
22      78
16      66
23      35
11      22
33      12
27       6
31       5
32       5
29       4
20       3
28       2
30       2
Name: label, dtype: int64
fl_y_train.unique(): [13  6  5 14  4 15  7  3  2 26  1  0 19 17 10 18  8  9 11 29 25 24 16 22
 33 21 23 31 27 20 32 28 30]

Client ID: 12
fl_X_train.shape: (40116, 46)
Training data used 1383113fl_y_train.value_counts():
6     6645
4     4977
5     4172
2     3801
3     3756
1     3746
7     3349
15    2473
14    1877
0     1014
17     918
19     819
18     691
10     420
26     281
9      267
8      263
25     163
24     124
21      93
22      78
16      66
23      35
12      27
11      22
33      12
27       6
32       5
31       5
29       4
20       3
30       2
28       2
Name: label, dtype: int64
fl_y_train.unique(): [ 1  5 15 17  2  0 18  4 14  6  3 24  7  9 19 10 16 26 11 21  8 12 25 23
 22 33 29 30 32 27 20 31 28]

Client ID: 13
fl_X_train.shape: (41314, 46)
Training data used 1383113fl_y_train.value_counts():
6     6645
4     4977
5     4172
2     3801
3     3756
1     3746
7     3349
13    3075
15    2473
0     1014
17     918
19     819
18     691
10     420
26     281
9      267
8      263
25     163
24     124
21      93
22      78
16      66
23      35
12      27
11      22
33      12
27       6
32       5
31       5
29       4
20       3
30       2
28       2
Name: label, dtype: int64
fl_y_train.unique(): [ 7  4  5  3 13  1 24 15  6 10  2 19  8 17 18  0 26 25 16  9 21 33 22 29
 23 20 11 12 32 31 27 30 28]

Client ID: 14
fl_X_train.shape: (40718, 46)
Training data used 1383113fl_y_train.value_counts():
6     6645
4     4977
5     4172
2     3801
3     3756
1     3746
7     3349
13    3075
14    1877
0     1014
17     918
19     819
18     691
10     420
26     281
9      267
8      263
25     163
24     124
21      93
22      78
16      66
23      35
12      27
11      22
33      12
27       6
31       5
32       5
28       3
20       3
29       3
30       2
Name: label, dtype: int64
fl_y_train.unique(): [ 5  4  9  6  3  2 13 10  1  7 19 17 14  0 11 26 21 18 25 16 24 22  8 23
 31 12 27 28 33 20 32 30 29]

Client ID: 15
fl_X_train.shape: (43125, 46)
Training data used 1383113fl_y_train.value_counts():
6     6645
4     4977
5     4172
2     3801
3     3756
1     3746
7     3349
13    3075
15    2473
14    1877
0     1014
17     918
19     819
18     691
10     420
26     281
9      267
8      263
25     163
24     124
21      93
22      78
23      35
12      27
11      22
33      12
27       6
32       5
31       5
20       3
29       3
28       3
30       2
Name: label, dtype: int64
fl_y_train.unique(): [ 6 13  2  4 14  5  7 15  3 19  1 26  8  0 18 10 17  9 25 21 11 22 24 33
 12 23 20 27 32 31 29 30 28]

Client ID: 16
fl_X_train.shape: (42273, 46)
Training data used 1383113fl_y_train.value_counts():
6     6645
4     4977
5     4172
2     3800
3     3756
1     3746
7     3349
13    3075
15    2473
14    1877
0     1014
19     819
18     691
10     421
26     281
9      267
8      263
25     163
24     124
21      93
22      78
16      66
23      35
12      27
11      22
33      12
27       6
31       5
32       5
29       3
20       3
28       3
30       2
Name: label, dtype: int64
fl_y_train.unique(): [ 6  1  5 14  4 18  2  3 13 24  7  0 19 15 21  9 26  8 10 16 29 25 31 23
 11 22 27 12 20 33 32 30 28]

Client ID: 17
fl_X_train.shape: (42499, 46)
Training data used 1383113fl_y_train.value_counts():
6     6645
4     4977
5     4172
2     3800
3     3756
1     3747
7     3348
13    3075
15    2473
14    1877
0     1014
17     918
19     819
10     421
26     281
9      267
8      263
25     163
24     124
21      93
22      78
16      66
23      35
12      27
11      22
33      12
27       6
31       5
32       5
28       3
29       3
30       2
20       2
Name: label, dtype: int64
fl_y_train.unique(): [ 2  3  1 22  9  5  6  7 13 15  4 14  0 26 19 10 21 17 24 25 23  8 12 11
 30 28 16 33 27 31 29 32 20]

Client ID: 18
fl_X_train.shape: (42371, 46)
Training data used 1383113fl_y_train.value_counts():
6     6645
4     4977
5     4172
2     3800
3     3756
1     3747
7     3348
13    3075
15    2473
14    1877
0     1014
17     918
18     691
10     421
26     281
9      267
8      263
25     163
24     124
21      93
22      78
16      66
23      35
12      27
11      22
33      12
27       6
31       5
32       5
29       3
28       3
30       2
20       2
Name: label, dtype: int64
fl_y_train.unique(): [15  1  3  2  4  6  7 13 14  5  8 17 12 26  0 16 10 21 18 24 11  9 25 22
 29 23 33 31 32 27 30 28 20]

Client ID: 19
fl_X_train.shape: (43188, 46)
Training data used 1383113fl_y_train.value_counts():
6     6645
4     4977
5     4172
2     3800
3     3756
1     3747
7     3348
13    3075
15    2473
14    1877
0     1014
17     918
19     819
18     691
10     421
26     281
9      267
8      263
25     163
24     124
21      93
22      78
16      66
23      35
12      27
11      22
33      13
27       6
31       5
32       5
28       3
29       3
30       1
Name: label, dtype: int64
fl_y_train.unique(): [ 4 15  5  7  2  1 14  6  3 19  8 13 18  0 17 25 10  9 21 22 26 31 24 28
 11 23 33 27 16 12 29 32 30]

Client ID: 20
fl_X_train.shape: (43097, 46)
Training data used 1383113fl_y_train.value_counts():
6     6644
4     4977
5     4173
2     3800
3     3756
1     3747
7     3348
13    3075
15    2473
14    1877
0     1015
17     918
19     819
18     691
10     421
26     280
9      267
8      263
25     163
24     124
22      78
16      66
23      35
12      27
11      22
33      13
27       6
32       5
31       5
28       3
29       3
20       2
30       1
Name: label, dtype: int64
fl_y_train.unique(): [ 6  7 26 15  3  2 13  5  4 14 19  1 11  0 17 24 30 18  9 10  8 22 25 33
 23 32 28 16 12 20 31 29 27]

Client ID: 21
fl_X_train.shape: (43112, 46)
Training data used 1383113fl_y_train.value_counts():
6     6644
4     4977
5     4173
2     3800
3     3756
1     3747
7     3348
13    3075
15    2473
14    1877
0     1015
17     918
19     819
18     691
10     421
26     280
9      267
8      263
25     163
24     124
21      93
16      66
23      35
12      27
11      22
33      13
27       6
32       5
31       5
29       3
28       3
20       2
30       1
Name: label, dtype: int64
fl_y_train.unique(): [ 3  2  6  5 26 15  7 17  1 19 13  4 18 10  0 25  9  8 14 24 21 12 16 27
 23 33 11 32 29 31 30 28 20]

Client ID: 22
fl_X_train.shape: (43155, 46)
Training data used 1383113fl_y_train.value_counts():
6     6644
4     4978
5     4173
2     3800
3     3756
1     3746
7     3348
13    3075
15    2473
14    1877
0     1015
17     918
19     819
18     691
10     421
26     280
9      267
8      263
25     163
24     124
21      93
22      78
16      66
12      27
11      22
33      13
27       6
31       5
32       5
28       3
29       3
20       2
30       1
Name: label, dtype: int64
fl_y_train.unique(): [ 5  2 13  1 15  6  3  7 17  4 18  0 14 19 10  9 26  8 25 24 12 27 11 22
 16 21 31 28 33 29 32 30 20]

Client ID: 23
fl_X_train.shape: (43066, 46)
Training data used 1383113fl_y_train.value_counts():
6     6644
4     4978
5     4173
2     3800
3     3756
1     3746
7     3348
13    3075
15    2473
14    1878
0     1015
17     918
19     818
18     690
10     421
26     280
9      267
8      263
25     163
21      93
22      79
16      66
23      35
12      27
11      22
33      13
27       7
32       5
31       4
29       3
28       3
20       2
30       1
Name: label, dtype: int64
fl_y_train.unique(): [ 7  2  6  5 13 25 18  3 14  1 19 17 21 15  4 26  0 11 10  9 31 22  8 16
 20 12 23 33 32 29 27 28 30]

Client ID: 24
fl_X_train.shape: (43027, 46)
Training data used 1383113fl_y_train.value_counts():
6     6644
4     4978
5     4173
2     3800
3     3756
1     3746
7     3348
13    3075
15    2473
14    1878
0     1015
17     918
19     818
18     690
10     421
26     280
9      267
8      263
24     124
21      93
22      79
16      66
23      35
12      27
11      22
33      13
27       7
32       5
31       4
29       3
28       3
20       2
30       1
Name: label, dtype: int64
fl_y_train.unique(): [ 5 15  6 13  2 14  7  3  1 18  4  0 26 17 10 19  8 21  9 11 24 27 16 23
 22 33 12 30 31 32 29 28 20]

Client ID: 25
fl_X_train.shape: (42910, 46)
Training data used 1383113fl_y_train.value_counts():
6     6644
4     4978
5     4173
2     3800
3     3756
1     3746
7     3348
13    3075
15    2473
14    1878
0     1015
17     918
19     818
18     690
10     421
9      267
8      263
25     163
24     124
21      93
22      79
16      66
23      35
12      27
11      22
33      13
27       7
32       5
31       4
28       3
29       3
20       2
30       1
Name: label, dtype: int64
fl_y_train.unique(): [19  5 18  4 14 13  6  2  1 15 17  3 10  9 22  7 24  0  8 21 11 33 16 25
 12 23 31 30 20 32 28 27 29]

Client ID: 26
fl_X_train.shape: (43183, 46)
Training data used 1383113fl_y_train.value_counts():
6     6644
4     4978
5     4173
2     3800
3     3756
1     3746
7     3348
13    3075
15    2473
14    1878
0     1015
17     918
19     818
18     690
10     421
26     280
9      267
8      263
25     163
24     124
21      93
22      79
16      66
23      35
12      27
11      22
33      13
32       5
31       4
29       3
28       3
20       2
30       1
Name: label, dtype: int64
fl_y_train.unique(): [15  5  7  6 26 13  3 18 14 19  1  4  2 25  0 10 24 17 22  9  8 16 29 12
 23 33 21 30 32 31 11 28 20]

Client ID: 27
fl_X_train.shape: (43187, 46)
Training data used 1383113fl_y_train.value_counts():
6     6644
4     4978
5     4173
2     3800
3     3756
1     3746
7     3349
13    3074
15    2473
14    1878
0     1015
17     918
19     818
18     690
10     421
26     280
9      267
8      263
25     163
24     124
21      93
22      79
16      66
23      35
12      27
11      22
33      13
27       7
32       5
31       4
29       3
20       2
30       1
Name: label, dtype: int64
fl_y_train.unique(): [13  4  0  6  7  1 14 18  5  2 15  3 24 19 17 32 11 10  9 26  8 21 25 16
 22 23 12 27 31 33 30 29 20]

Client ID: 28
fl_X_train.shape: (43187, 46)
Training data used 1383113fl_y_train.value_counts():
6     6644
4     4978
5     4173
2     3800
3     3756
1     3746
7     3349
13    3074
15    2473
14    1877
0     1015
17     918
19     818
18     690
10     421
26     280
9      267
8      263
25     163
24     125
21      93
22      79
16      66
23      35
12      26
11      22
33      13
27       7
32       6
31       4
28       3
20       2
30       1
Name: label, dtype: int64
fl_y_train.unique(): [ 4  1  2  6  5 15  3 25 19  9 13 10  7 14 24 17 21  0 18  8 16 12 33 22
 26 27 20 32 11 31 23 30 28]

Client ID: 29
fl_X_train.shape: (43189, 46)
Training data used 1383113fl_y_train.value_counts():
6     6644
4     4978
5     4172
2     3800
3     3756
1     3746
7     3349
13    3074
15    2474
14    1877
0     1015
17     918
19     818
18     690
10     421
26     280
9      267
8      263
25     163
24     125
21      92
22      79
16      66
23      36
12      26
11      22
33      12
27       7
32       6
31       5
29       3
28       3
20       2
Name: label, dtype: int64
fl_y_train.unique(): [ 4  3 15  5  6  1  7  0 13  2 14 11 10 19  9 17 26 21 24  8 18 25 22 16
 33 23 32 12 27 31 29 20 28]

Client ID: 30
fl_X_train.shape: (43185, 46)
Training data used 1383113fl_y_train.value_counts():
6     6644
4     4978
5     4172
2     3800
3     3756
1     3746
7     3349
13    3074
15    2474
14    1877
0     1015
17     918
19     818
18     690
10     421
26     280
9      267
8      263
25     163
24     125
21      92
22      79
16      66
23      36
12      26
11      22
33      12
27       7
32       6
28       3
29       3
20       2
30       1
Name: label, dtype: int64
fl_y_train.unique(): [ 6  1  2 13 18  7 15  5 19  3  4 10 17  9  8  0 14 21 26 25 16 23 12 22
 24 27 28 20 11 33 32 29 30]

Client ID: 31
fl_X_train.shape: (43184, 46)
Training data used 1383113fl_y_train.value_counts():
6     6644
4     4978
5     4172
2     3800
3     3756
1     3746
7     3349
13    3074
15    2474
14    1877
0     1015
17     918
19     818
18     690
10     421
26     280
9      267
8      263
25     163
24     125
21      92
22      78
16      67
23      36
12      26
11      22
33      12
27       7
31       5
28       3
29       3
20       2
30       1
Name: label, dtype: int64
fl_y_train.unique(): [ 7  0 14 17  4 15 13  1  6  3 24 19  2  5 18 26 25  8 33 21 16  9 12 10
 22 28 23 11 30 27 31 29 20]

Client ID: 32
fl_X_train.shape: (43178, 46)
Training data used 1383113fl_y_train.value_counts():
6     6644
4     4978
5     4172
2     3800
3     3756
1     3746
7     3349
13    3074
15    2474
14    1877
0     1015
17     918
19     818
18     690
10     421
26     280
9      267
8      263
25     163
24     125
21      92
22      78
16      67
23      36
12      26
11      22
27       7
32       6
31       5
29       3
28       3
20       2
30       1
Name: label, dtype: int64
fl_y_train.unique(): [ 2  5 19  6 15 13 17  1 10  7 25  3  4 14 18  9 26  0  8 16 24 22 21 23
 12 31 27 11 20 29 32 30 28]

